799
379
859
859
586
950
948
426
864
331
938
640
591
630
343
592
850
899
388
983
846
719
505
600
400
718
425
425
61
6
47
63
807
952
390
485
819
183
656
956
19
950
159
326
98
750
211
408
172
321
956
219
532
299
167
213
833
342
54
59
863
606
866
942
831
211
506
553
174
756
390
56
189
560
339
334
223
378
976
933
920
278
385
262
735
752
903
502
344
343
62
998
212
922
797
899
961
474
753
824
401
159
372
560
755
219
640
199
76
406
897
942
794
810
303
392
667
266
265
330
380
827
617
315
566
701
356
869
582
577
357
753
112
789
138
448
8
957
812
638
94
958
225
793
613
398
488
88
566
122
824
84
933
184
561
740
558
195
606
826
313
840
873
109
31
283
175
161
927
989
57
650
575
565
225
606
361
664
329
230
291
844
696
707
904
644
335
801
926
222
42
954
95
824
948
257
397
354
922
251
335
567
837
274
955
916
912
373
277
902
415
227
298
899
933
983
472
38
963
148
113
15
561
827
518
706
231
229
126
356
416
238
196
604
572
542
409
74
55
886
619
581
76
655
709
69
810
442
386
830
204
761
607
33
90
500
457
3
335
427
336
474
886
372
780
70
108
166
800
268
545
996
12
98
169
58
342
36
783
952
752
419
796
928
303
30
337
496
462
99
917
804
430
545
864
858
683
69
864
173
941
244
661
372
72
477
923
523
391
215
207
742
425
40
214
775
150
72
31
493
51
8
504
694
854
439
958
180
535
887
170
560
214
22
455
843
673
398
743
988
457
669
852
693
933
504
703
840
360
905
349
893
57
636
329
330
339
79
473
735
115
633
28
220
121
3
133
634
507
822
875
142
306
102
746
575
4
286
240
26
141
694
318
719
222
421
284
609
901
596
207
861
928
66
981
533
735
814
854
751
270
393
243
345
472
829
400
820
195
693
67
931
446
750
644
742
666
932
830
262
580
150
572
166
228
169
417
889
19
144
541
675
761
194
148
332
495
859
504
963
597
897
826
826
915
521
94
308
381
368
239
621
138
908
37
932
766
583
150
347
971
724
723
152
541
112
572
586
245
357
967
807
421
259
826
418
679
312
101
51
759
121
243
866
847
458
896
414
579
342
767
162
760
42
544
178
143
644
425
790
729
519
403
101
521
689
172
293
886
621
533
277
386
944
451
169
669
695
634
369
636
473
163
271
513
655
121
336
50
425
671
303
95
981
445
5
401
437
984
815
554
143
67
625
337
596
169
697
911
264
380
399
681
207
963
538
420
566
856
171
383
721
380
839
751
686
479
177
305
975
690
125
371
243
779
141
789
375
134
816
14
970
611
209
154
771
661
127
950
48
435
936
133
190
554
851
138
573
776
799
293
87
933
778
257
187
492
702
911
733
943
409
461
856
877
163
515
812
84
974
308
565
725
321
440
257
805
318
356
656
49
171
159
161
175
795
244
711
631
717
776
965
815
39
385
82
138
723
1
315
172
921
437
571
599
554
645
40
736
690
194
982
533
252
950
79
121
819
248
765
957
133
153
239
156
416
406
451
394
315
572
791
459
122
145
765
438
323
715
560
867
350
638
242
42
960
819
971
220
513
989
78
612
279
27
897
752
658
215
718
1000
359
208
538
941
933
45
790
125
824
913
596
556
132
81
75
999
250
398
292
205
183
652
453
481
571
899
297
341
419
409
251
954
319
314
568
461
152
36
986
136
631
138
283
307
637
666
267
431
467
891
424
850
138
994
225
401
230
788
484
559
994
266
940
693
152
113
680
744
345
52
653
786
236
670
793
257
783
889
194
575
853
684
261
128
616
600
949
907
534
832
257
838
59
699
960
971
92
516
891
458
644
601
48
270
168
426
883
932
732
90
928
197
123
7
61
914
133
775
234
587
222
831
486
399
234
647
182
907
205
329
889
14
271
252
839
834
87
240
186
710
356
188
7
734
453
154
46
176
727
103
616
924
826
166
322
644
861
337
451
690
206
632
178
967
734
822
813
824
243
111
281
999
347
885
662
865
4
723
473
849
193
674
282
241
307
296
738
463
896
569
24
224
931
406
456
884
906
18
283
108
801
944
731
225
945
225
91
173
835
399
659
44
787
617
831
548
321
725
665
138
285
164
768
126
935
212
497
163
348
418
54
318
149
618
933
643
514
804
640
59
891
456
307
977
870
77
702
402
928
564
874
550
645
206
586
106
25
445
426
29
372
867
723
793
803
883
732
895
151
84
972
518
717
113
859
434
751
466
319
499
711
996
434
164
214
250
910
391
514
