911
38
339
47
463
521
101
617
255
18
224
999
133
994
888
279
824
865
518
820
279
509
42
392
102
707
440
627
101
444
961
224
631
337
827
370
350
587
74
476
403
675
926
956
135
744
663
815
357
707
537
565
719
941
228
802
890
736
126
710
733
301
304
984
551
530
380
466
268
134
472
214
791
474
598
154
777
238
695
764
484
306
322
622
98
439
274
411
43
997
599
976
222
29
899
666
704
748
123
293
498
732
734
3
731
773
154
595
566
249
448
866
405
346
864
972
608
421
90
507
179
37
187
770
901
114
757
630
556
199
697
964
595
982
874
846
820
991
243
593
324
28
432
691
719
449
501
179
819
495
999
477
39
79
772
61
912
700
257
983
994
289
802
984
546
28
920
425
425
307
155
51
270
578
581
829
497
967
687
852
210
999
203
668
366
426
405
635
676
631
74
441
697
400
440
443
962
35
331
247
444
862
480
705
419
721
718
804
939
473
218
842
916
641
728
483
356
419
69
206
714
729
673
219
544
877
609
453
279
660
775
595
482
144
926
998
46
51
61
355
768
975
659
448
57
518
884
133
977
203
394
427
194
40
593
814
479
464
555
295
48
742
461
659
653
927
59
657
918
421
349
238
918
526
238
879
494
974
74
276
630
288
586
156
377
318
817
350
797
598
870
928
921
680
153
387
572
88
20
136
174
382
552
673
563
686
861
976
570
667
762
612
239
58
629
481
37
603
493
717
583
107
434
984
258
773
314
27
447
422
216
727
882
424
480
901
980
653
139
812
737
323
808
655
150
267
898
777
111
979
49
132
510
203
908
415
77
206
805
507
66
745
19
785
601
431
582
982
966
254
71
112
101
339
77
800
902
548
933
517
455
217
604
698
271
987
755
8
136
627
705
173
750
434
494
93
632
408
797
913
531
894
39
193
563
126
535
838
652
753
651
94
849
294
726
32
425
157
969
81
632
559
93
745
234
309
330
950
112
688
381
41
20
6
827
423
14
388
321
469
876
155
624
673
832
992
467
483
634
907
707
156
555
409
686
500
231
211
348
242
727
733
16
646
701
47
512
365
744
932
181
757
881
563
591
243
809
456
508
95
492
155
471
449
56
576
537
184
474
976
766
369
861
555
77
942
1000
774
907
996
654
199
371
181
803
644
980
203
860
494
631
26
575
953
777
123
850
95
636
631
549
660
944
653
600
229
905
711
375
328
528
649
284
833
733
885
156
636
555
134
254
572
66
895
488
701
94
471
110
835
935
269
726
39
992
554
392
158
126
352
598
827
625
626
576
389
729
178
389
891
768
419
203
173
370
186
321
921
289
119
322
596
152
6
869
977
382
807
50
210
31
482
497
917
125
675
645
878
270
940
628
560
936
817
900
567
64
274
883
472
142
163
437
256
621
909
29
591
138
685
68
315
890
499
414
587
210
301
69
852
633
30
634
52
564
8
638
730
222
35
979
984
979
303
192
153
218
937
170
525
216
565
17
462
355
981
467
542
963
671
527
282
339
132
646
477
708
404
648
936
217
442
795
418
2
127
565
581
230
541
983
689
982
877
38
649
741
950
627
936
881
385
659
789
309
634
122
814
828
56
942
316
479
409
617
249
920
992
20
930
108
705
874
808
893
164
199
738
534
948
366
773
573
245
136
849
482
813
334
14
155
497
615
327
576
916
682
627
855
328
802
326
341
722
366
784
655
543
689
790
10
245
325
704
30
81
67
636
246
239
929
28
331
490
133
79
325
954
906
331
225
271
94
76
253
262
871
102
174
185
313
986
548
438
726
547
776
430
841
981
468
705
932
733
245
373
342
768
590
689
351
784
814
471
413
769
491
493
778
676
785
749
503
838
244
876
729
305
214
794
634
265
407
575
191
913
522
681
597
118
59
118
561
168
421
944
581
351
564
29
597
419
30
931
367
811
995
244
835
283
536
737
735
523
42
582
756
601
998
998
383
339
430
789
530
632
412
560
930
811
898
972
513
54
975
278
564
457
876
156
612
956
778
472
574
661
974
673
383
400
320
240
278
490
241
832
956
153
859
472
314
407
311
233
546
441
160
119
537
913
109
244
211
3
609
880
938
727
958
884
233
625
484
667
978
444
213
755
253
163
759
945
381
913
864
523
313
812
194
440
605
938
376
599
594
879
347
480
560
307
376
150
390
353
781
236
620
773
682
517
155
951
892
933
631
983
39
27
871
592
560
948
730
630
858
411
229
725
747
304
744
741
94
148
359
343
431
901
225
991
148
703
528
464
512
678
839
346
953
101
